function pilot = get_pilot()
    %(rand(1,N)+1i*rand(1,N))'
    pilot = [0.6894 - 0.0317i
       0.0505 - 0.7249i
       0.1844 - 0.1442i
       0.0457 - 0.6359i
       0.8850 - 0.7898i
       0.8398 - 0.5663i
       0.1182 - 0.3774i
       0.4104 - 0.8216i
       0.1202 - 0.3049i
       0.5721 - 0.3194i
       0.9494 - 0.7850i
       0.2564 - 0.5037i
       0.9899 - 0.2610i
       0.3498 - 0.7325i
       0.2085 - 0.1629i
       0.6658 - 0.9211i
       0.9733 - 0.2222i
       0.6227 - 0.0836i
       0.0635 - 0.0737i
       0.3735 - 0.7696i
       0.1663 - 0.8177i
       0.2313 - 0.7404i
       0.0522 - 0.7582i
       0.9018 - 0.9612i
       0.7933 - 0.4664i
       0.3730 - 0.7870i
       0.8321 - 0.4226i
       0.7538 - 0.9437i
       0.6219 - 0.0013i
       0.3941 - 0.9813i
       0.3593 - 0.5702i
       0.0889 - 0.3465i
       0.3417 - 0.5575i
       0.5487 - 0.2998i
       0.4605 - 0.1591i
       0.6455 - 0.6653i
       0.5135 - 0.6842i
       0.8144 - 0.7924i
       0.0972 - 0.3486i
       0.4637 - 0.2501i
       0.5898 - 0.3450i
       0.1872 - 0.3286i
       0.6113 - 0.9275i
       0.0519 - 0.7561i
       0.5757 - 0.2882i
       0.8423 - 0.6062i
       0.4997 - 0.7660i
       0.4390 - 0.8462i
       0.1491 - 0.9020i
       0.0283 - 0.5957i
       0.7567 - 0.0685i
       0.7961 - 0.2180i
       0.2936 - 0.8694i
       0.1152 - 0.4142i
       0.3751 - 0.6612i
       0.8289 - 0.7835i
       0.8418 - 0.2479i
       0.6652 - 0.5544i
       0.9601 - 0.2296i
       0.9431 - 0.0069i
       0.1127 - 0.7666i
       0.6483 - 0.0218i
       0.4808 - 0.3931i
       0.0665 - 0.2525i
       0.8978 - 0.2042i
       0.4972 - 0.6623i
       0.7713 - 0.9147i
       0.0604 - 0.0069i
       0.2625 - 0.7464i
       0.6511 - 0.7997i
       0.1336 - 0.9078i
       0.6385 - 0.9746i
       0.3849 - 0.1199i
       0.7657 - 0.5190i
       0.6529 - 0.8220i
       0.3815 - 0.6370i
       0.3000 - 0.9539i
       0.3401 - 0.9469i
       0.9189 - 0.9666i
       0.4563 - 0.0673i
       0.4425 - 0.4375i
       0.4542 - 0.3208i
       0.9453 - 0.1341i
       0.2191 - 0.1346i
       0.8824 - 0.8059i
       0.0199 - 0.5248i
       0.3418 - 0.9443i
       0.7660 - 0.9883i
       0.3428 - 0.4099i
       0.6188 - 0.3712i
       0.4530 - 0.2269i
       0.0102 - 0.4460i
       0.5991 - 0.2662i
       0.6016 - 0.4591i
       0.6494 - 0.4329i
       0.3427 - 0.2596i
       0.4933 - 0.1337i
       0.7018 - 0.4192i
       0.8878 - 0.5069i
       0.0551 - 0.3243i
       0.0984 - 0.6847i
       0.6498 - 0.4431i
       0.7641 - 0.4357i
       0.9880 - 0.7930i
       0.1253 - 0.8156i
       0.3645 - 0.7521i
       0.6762 - 0.7893i
       0.3758 - 0.5013i
       0.8635 - 0.5552i
       0.2920 - 0.6307i
       0.1335 - 0.0980i
       0.6727 - 0.2457i
       0.2026 - 0.6157i
       0.8685 - 0.3050i
       0.7512 - 0.7670i
       0.4194 - 0.2672i
       0.0002 - 0.0395i
       0.1495 - 0.2966i
       0.2738 - 0.5564i
       0.8724 - 0.9691i
       0.6013 - 0.6891i
       0.3212 - 0.7179i
       0.2843 - 0.5590i
       0.4353 - 0.5334i
       0.9038 - 0.8757i
       0.9251 - 0.3931i
       0.5053 - 0.4581i
       0.6276 - 0.2082i
       0.7193 - 0.7573i
       0.0239 - 0.5467i
       0.5749 - 0.3574i
       0.0465 - 0.7010i
       0.4225 - 0.1092i
       0.4677 - 0.0066i
       0.0226 - 0.5973i
       0.0651 - 0.6592i
       0.9240 - 0.5800i
       0.5341 - 0.9100i
       0.3668 - 0.6360i
       0.3639 - 0.5256i
       0.1514 - 0.2596i
       0.1496 - 0.0512i
       0.3508 - 0.7320i
       0.3360 - 0.1643i
       0.7840 - 0.2804i
       0.4867 - 0.2594i
       0.4648 - 0.5471i
       0.1313 - 0.5413i
       0.8864 - 0.7881i
       0.6746 - 0.8696i
       0.8352 - 0.7875i
       0.6565 - 0.9694i
       0.9839 - 0.1805i
       0.9798 - 0.9306i
       0.2502 - 0.0452i
       0.6246 - 0.2406i
       0.7282 - 0.0089i
       0.4982 - 0.6716i
       0.8498 - 0.9048i
       0.1909 - 0.5724i
       0.1241 - 0.1555i
       0.0028 - 0.5024i
       0.1530 - 0.5677i
       0.5342 - 0.1883i
       0.5106 - 0.3242i
       0.3852 - 0.7160i
       0.3106 - 0.5529i
       0.0036 - 0.1423i
       0.8152 - 0.3804i
       0.6384 - 0.3966i
       0.4483 - 0.5767i
       0.2441 - 0.0194i
       0.8034 - 0.5776i
       0.8240 - 0.9322i
       0.8522 - 0.1069i
       0.4673 - 0.7321i
       0.9707 - 0.9705i
       0.8412 - 0.6089i
       0.0785 - 0.7197i
       0.2376 - 0.3028i
       0.8176 - 0.4590i
       0.4058 - 0.0480i
       0.4663 - 0.3854i
       0.9515 - 0.3617i
       0.9650 - 0.2876i
       0.7653 - 0.8167i
       0.5745 - 0.4505i
       0.9159 - 0.8066i
       0.4954 - 0.7902i
       0.1660 - 0.2830i
       0.3260 - 0.0683i
       0.2964 - 0.0549i
       0.5583 - 0.6375i
       0.0675 - 0.4243i
       0.0690 - 0.9055i
       0.1668 - 0.4173i
       0.9474 - 0.1541i
       0.8111 - 0.5400i
       0.7105 - 0.9371i
       0.9702 - 0.6610i
       0.9984 - 0.3947i
       0.9875 - 0.2590i
       0.1501 - 0.8479i
       0.9585 - 0.9451i
       0.5305 - 0.3770i
       0.0741 - 0.0673i
       0.3118 - 0.1816i
       0.8952 - 0.5757i
       0.8348 - 0.1859i
       0.0023 - 0.2914i
       0.6402 - 0.4617i
       0.8032 - 0.3470i
       0.2451 - 0.3182i
       0.0641 - 0.4599i
       0.2631 - 0.2359i
       0.1027 - 0.0278i
       0.4837 - 0.6585i
       0.4189 - 0.1588i
       0.3813 - 0.8027i
       0.8868 - 0.4086i
       0.4206 - 0.3274i
       0.2838 - 0.7460i
       0.0482 - 0.7464i
       0.2192 - 0.1740i
       0.2392 - 0.1175i
       0.0293 - 0.1740i
       0.7023 - 0.6274i
       0.0076 - 0.8419i
       0.6109 - 0.5101i
       0.4081 - 0.1658i
       0.2489 - 0.7143i
       0.6525 - 0.9070i
       0.3203 - 0.2185i
       0.1037 - 0.8710i
       0.5356 - 0.2118i
       0.1649 - 0.8367i
       0.8834 - 0.8593i
       0.6665 - 0.5234i
       0.8477 - 0.4774i
       0.7627 - 0.8899i
       0.8070 - 0.0651i
       0.6330 - 0.5095i
       0.7104 - 0.6208i
       0.6887 - 0.7336i
       0.3209 - 0.2300i
       0.5316 - 0.0219i
       0.8732 - 0.1390i
       0.0545 - 0.7695i
       0.5004 - 0.9698i
       0.4328 - 0.3868i
       0.9043 - 0.9934i
       0.6302 - 0.3264i
       0.9830 - 0.1372i
       0.5852 - 0.3848i
       0.8406 - 0.5626i
       0.4688 - 0.6338i
       0.5452 - 0.5416i
       0.1791 - 0.3150i
       0.6345 - 0.1593i
       0.9630 - 0.1526i
       0.5340 - 0.1370i
       0.4796 - 0.7098i
       0.7937 - 0.4649i
       0.0927 - 0.1133i
       0.8808 - 0.7009i
       0.0039 - 0.1800i
       0.5115 - 0.8037i
       0.6785 - 0.5140i
       0.5657 - 0.5484i
       0.4785 - 0.2078i
       0.3205 - 0.7846i
       0.6016 - 0.5265i
       0.9132 - 0.5710i
       0.6825 - 0.4220i
       0.9467 - 0.7212i
       0.0991 - 0.0731i
       0.5110 - 0.5949i
       0.1101 - 0.8620i
       0.5453 - 0.4488i
       0.6888 - 0.6526i
       0.1474 - 0.3035i
       0.7776 - 0.6074i
       0.3991 - 0.2789i
       0.8983 - 0.7996i
       0.3070 - 0.7962i
       0.0611 - 0.9541i
       0.2195 - 0.4443i
       0.0828 - 0.4569i
       0.9504 - 0.5998i
       0.0164 - 0.8426i
       0.1147 - 0.0312i
       0.0124 - 0.1873i
       0.2162 - 0.9436i
       0.0114 - 0.9479i
       0.6424 - 0.4530i
       0.5170 - 0.8108i
       0.2455 - 0.9289i
       0.1937 - 0.6727i
       0.0909 - 0.3723i
       0.3684 - 0.4057i
       0.0078 - 0.4388i
       0.6027 - 0.6786i
       0.4789 - 0.4651i
       0.3081 - 0.9533i
       0.7444 - 0.3547i
       0.8393 - 0.3390i
       0.2624 - 0.8959i
       0.5142 - 0.5454i
       0.4468 - 0.7493i
       0.3412 - 0.1249i
       0.8391 - 0.4532i
       0.9825 - 0.0747i
       0.6265 - 0.6633i
       0.1813 - 0.7037i
       0.1230 - 0.9190i
       0.5800 - 0.6601i
       0.3285 - 0.6901i
       0.2682 - 0.8537i
       0.5502 - 0.4679i
       0.1805 - 0.4585i
       0.6785 - 0.8061i
       0.0557 - 0.8248i
       0.0341 - 0.1904i
       0.2865 - 0.0257i
       0.0774 - 0.0568i
       0.9006 - 0.1429i
       0.8466 - 0.1714i
       0.3957 - 0.6258i
       0.1692 - 0.0295i
       0.4305 - 0.4723i
